# This document lists the traceroute measurement IDs for the case study of <AS6939,hkg1, AS20940, 23.67.36.0/24>.
# The following 254 IDs are for the measurement with ICMP packets for 3 days starting at 00:00 (GMT+08:00, local time in Hong Kong) on 16/June/2021.
30867278
30867279
30867280
30867281
30867282
30867283
30867284
30867285
30867286
30867287
30867288
30867289
30867290
30867291
30867292
30867293
30867294
30867295
30867296
30867297
30867298
30867299
30867300
30867301
30867302
30867303
30867304
30867305
30867306
30867307
30867308
30867309
30867310
30867311
30867312
30867313
30867314
30867315
30867316
30867317
30867318
30867319
30867320
30867321
30867322
30867323
30867324
30867325
30867326
30867327
30867328
30867329
30867330
30867331
30867332
30867333
30867334
30867335
30867336
30867337
30867338
30867339
30867340
30867341
30867342
30867343
30867344
30867345
30867346
30867347
30867348
30867349
30867350
30867351
30867352
30867353
30867354
30867355
30867356
30867357
30867358
30867359
30867360
30867361
30867362
30867363
30867364
30867365
30867366
30867367
30867368
30867369
30867370
30867371
30867372
30867373
30867374
30867375
30867376
30867377
30867378
30867379
30867380
30867381
30867382
30867383
30867384
30867385
30867386
30867387
30867388
30867389
30867390
30867391
30867392
30867393
30867394
30867395
30867396
30867397
30867398
30867399
30867400
30867401
30867402
30867403
30867404
30867405
30867406
30867407
30867408
30867409
30867410
30867411
30867412
30867413
30867414
30867415
30867416
30867417
30867418
30867419
30867420
30867421
30867422
30867423
30867424
30867425
30867426
30867427
30867428
30867429
30867430
30867431
30867432
30867433
30867434
30867435
30867436
30867437
30867438
30867439
30867440
30867441
30867442
30867443
30867444
30867445
30867446
30867447
30867448
30867449
30867450
30867451
30867452
30867453
30867454
30867455
30867456
30867457
30867458
30867459
30867460
30867461
30867462
30867463
30867464
30867465
30867466
30867467
30867468
30867469
30867470
30867471
30867472
30867473
30867474
30867475
30867476
30867477
30867478
30867479
30867480
30867481
30867482
30867483
30867484
30867485
30867486
30867487
30867488
30867489
30867490
30867491
30867492
30867493
30867494
30867495
30867496
30867497
30867498
30867499
30867500
30867501
30867502
30867503
30867504
30867505
30867506
30867507
30867508
30867509
30867510
30867511
30867512
30867513
30867514
30867515
30867516
30867517
30867518
30867519
30867520
30867521
30867522
30867523
30867524
30867525
30867526
30867527
30867528
30867529
30867530
30867531
# The following 254 IDs are for measurements with UDP packets for 3 days starting at 00:01 (GMT+08:00, local time in Hong Kong) on 16/June/2021.
# Note that each measurement ID with UDP packet starts 1-minute after the corresonding measurement ID with ICMP packet.
30867532
30867533
30867534
30867535
30867536
30867537
30867538
30867539
30867540
30867541
30867542
30867543
30867544
30867545
30867546
30867547
30867548
30867549
30867550
30867551
30867552
30867553
30867554
30867555
30867556
30867557
30867558
30867559
30867560
30867561
30867562
30867563
30867564
30867565
30867566
30867567
30867568
30867569
30867570
30867571
30867572
30867573
30867574
30867575
30867576
30867577
30867578
30867579
30867580
30867581
30867582
30867583
30867584
30867585
30867586
30867587
30867588
30867589
30867590
30867591
30867592
30867593
30867594
30867595
30867596
30867597
30867598
30867599
30867600
30867601
30867602
30867603
30867604
30867605
30867606
30867607
30867608
30867609
30867610
30867611
30867612
30867613
30867614
30867615
30867616
30867617
30867618
30867619
30867620
30867621
30867622
30867623
30867624
30867625
30867626
30867627
30867628
30867629
30867630
30867631
30867632
30867633
30867634
30867635
30867636
30867637
30867638
30867639
30867640
30867641
30867642
30867643
30867644
30867645
30867646
30867647
30867648
30867649
30867650
30867651
30867652
30867653
30867654
30867655
30867656
30867657
30867658
30867659
30867660
30867661
30867662
30867663
30867664
30867665
30867666
30867667
30867668
30867669
30867670
30867671
30867672
30867673
30867674
30867675
30867676
30867677
30867678
30867679
30867680
30867681
30867682
30867683
30867684
30867685
30867686
30867687
30867688
30867689
30867690
30867691
30867692
30867693
30867694
30867695
30867696
30867697
30867698
30867699
30867700
30867701
30867702
30867703
30867704
30867705
30867706
30867707
30867708
30867709
30867710
30867711
30867712
30867713
30867714
30867715
30867716
30867717
30867718
30867719
30867720
30867721
30867722
30867723
30867724
30867725
30867726
30867727
30867728
30867729
30867730
30867731
30867734
30867735
30867736
30867737
30867738
30867739
30867740
30867741
30867742
30867743
30867744
30867745
30867746
30867747
30867748
30867749
30867750
30867751
30867752
30867753
30867754
30867755
30867756
30867757
30867758
30867759
30867760
30867761
30867762
30867763
30867764
30867765
30867766
30867767
30867768
30867769
30867770
30867771
30867772
30867773
30867774
30867775
30867776
30867777
30867778
30867779
30867780
30867781
30867782
30867783
30867784
30867785
30867786
30867787

