# This document lists the traceroute measurement IDs for the case study of <AS6939, tyo1, AS2907, 160.18.2.0/24>.
# The following 254 IDs are for the measurement with UDP packets at Time Point 1, i.e. 10:00am (GMT) on 20/May/2021.
30288931
30288932
30288933
30288934
30288935
30288936
30288937
30288938
30288939
30288940
30288941
30288942
30288943
30288944
30288945
30288946
30288947
30288948
30288949
30288950
30288951
30288952
30288953
30288954
30288955
30288956
30288957
30288958
30288959
30288960
30288961
30288962
30288963
30288964
30288965
30288966
30288967
30288968
30288969
30288970
30288971
30288972
30288973
30288974
30288975
30288976
30288977
30288978
30288979
30288980
30288981
30288982
30288983
30288984
30288985
30288986
30288987
30288988
30288989
30288990
30288991
30288992
30288993
30288994
30288995
30288996
30288997
30288998
30288999
30289000
30289001
30289002
30289003
30289004
30289005
30289006
30289007
30289008
30289009
30289010
30289011
30289012
30289013
30289014
30289015
30289016
30289017
30289018
30289019
30289020
30289021
30289022
30289023
30289024
30289025
30289026
30289027
30289028
30289029
30289030
30289031
30289032
30289033
30289034
30289035
30289036
30289037
30289038
30289039
30289040
30289041
30289042
30289043
30289044
30289045
30289046
30289047
30289048
30289049
30289050
30289051
30289052
30289053
30289054
30289055
30289056
30289057
30289058
30289059
30289060
30289061
30289062
30289063
30289064
30289065
30289066
30289067
30289068
30289069
30289070
30289071
30289072
30289073
30289074
30289075
30289076
30289077
30289078
30289079
30289080
30289081
30289082
30289083
30289084
30289085
30289086
30289087
30289088
30289089
30289090
30289091
30289092
30289093
30289094
30289095
30289096
30289097
30289098
30289099
30289100
30289101
30289102
30289103
30289104
30289105
30289106
30289107
30289108
30289109
30289110
30289111
30289112
30289113
30289114
30289115
30289116
30289117
30289118
30289119
30289120
30289121
30289122
30289123
30289124
30289125
30289126
30289127
30289128
30289129
30289130
30289131
30289132
30289133
30289134
30289135
30289136
30289137
30289139
30289140
30289141
30289142
30289143
30289144
30289145
30289146
30289147
30289148
30289149
30289150
30289151
30289152
30289153
30289154
30289155
30289156
30289157
30289158
30289159
30289160
30289161
30289162
30289163
30289164
30289165
30289166
30289167
30289168
30289169
30289170
30289171
30289172
30289173
30289174
30289175
30289176
30289177
30289178
30289179
30289180
30289181
30289182
30289183
30289184
30289185
# The following 24 IDs are for the measurement with UDP packets at Time Point 2, i.e. 10:15am (GMT) on 20/May/2021.
30289186
30289187
30289188
30289189
30289190
30289191
30289192
30289193
30289194
30289195
30289196
30289197
30289198
30289199
30289200
30289201
30289202
30289203
30289204
30289205
30289206
30289207
30289208
30289209
30289210
30289211
30289212
30289213
30289214
30289215
30289216
30289217
30289218
30289219
30289220
30289221
30289222
30289223
30289224
30289225
30289226
30289227
30289228
30289229
30289230
30289231
30289232
30289233
30289234
30289235
30289236
30289237
30289238
30289239
30289240
30289241
30289242
30289243
30289244
30289245
30289246
30289247
30289248
30289249
30289250
30289251
30289252
30289253
30289254
30289255
30289256
30289257
30289258
30289259
30289260
30289261
30289262
30289263
30289264
30289265
30289266
30289267
30289268
30289269
30289270
30289271
30289272
30289273
30289274
30289275
30289276
30289277
30289278
30289279
30289280
30289281
30289282
30289283
30289284
30289285
30289286
30289287
30289288
30289289
30289290
30289291
30289292
30289293
30289294
30289295
30289296
30289297
30289298
30289299
30289300
30289301
30289302
30289303
30289304
30289305
30289306
30289307
30289308
30289309
30289310
30289311
30289312
30289313
30289314
30289315
30289316
30289317
30289318
30289319
30289320
30289321
30289322
30289323
30289324
30289325
30289326
30289327
30289328
30289329
30289330
30289331
30289332
30289333
30289334
30289335
30289336
30289337
30289338
30289339
30289340
30289341
30289342
30289343
30289344
30289345
30289346
30289347
30289348
30289349
30289350
30289351
30289352
30289353
30289354
30289355
30289356
30289357
30289358
30289359
30289360
30289361
30289362
30289363
30289364
30289365
30289366
30289367
30289368
30289369
30289370
30289371
30289372
30289373
30289374
30289375
30289376
30289377
30289378
30289379
30289380
30289381
30289382
30289383
30289384
30289385
30289386
30289387
30289388
30289389
30289390
30289391
30289392
30289393
30289394
30289395
30289396
30289397
30289398
30289399
30289400
30289401
30289402
30289403
30289404
30289405
30289406
30289407
30289408
30289409
30289410
30289411
30289412
30289413
30289414
30289415
30289416
30289417
30289418
30289419
30289420
30289421
30289422
30289423
30289424
30289425
30289426
30289427
30289428
30289429
30289430
30289431
30289432
30289433
30289434
30289435
30289436
30289437
30289438
30289439
# The following 24 IDs are for the measurement with ICMP packets at Time Point 3, i.e. 10:30am (GMT) on 20/May/2021.
30289440
30289441
30289442
30289443
30289444
30289445
30289446
30289447
30289448
30289449
30289450
30289451
30289452
30289453
30289454
30289455
30289456
30289457
30289458
30289459
30289460
30289461
30289462
30289463
30289464
30289465
30289466
30289467
30289468
30289469
30289470
30289471
30289472
30289473
30289474
30289475
30289476
30289477
30289478
30289479
30289480
30289481
30289482
30289483
30289484
30289485
30289486
30289487
30289488
30289489
30289490
30289491
30289492
30289493
30289494
30289495
30289496
30289497
30289498
30289499
30289500
30289501
30289502
30289503
30289504
30289505
30289506
30289507
30289508
30289509
30289510
30289511
30289512
30289513
30289514
30289515
30289516
30289517
30289518
30289519
30289520
30289521
30289522
30289523
30289524
30289525
30289526
30289527
30289528
30289529
30289530
30289531
30289532
30289533
30289534
30289535
30289536
30289537
30289538
30289539
30289541
30289542
30289543
30289544
30289545
30289546
30289547
30289548
30289549
30289550
30289551
30289552
30289553
30289554
30289555
30289556
30289557
30289558
30289559
30289560
30289561
30289562
30289563
30289564
30289565
30289566
30289567
30289568
30289569
30289570
30289571
30289572
30289573
30289574
30289575
30289576
30289577
30289578
30289579
30289580
30289581
30289582
30289583
30289584
30289585
30289586
30289587
30289588
30289589
30289590
30289591
30289592
30289593
30289594
30289595
30289596
30289597
30289598
30289599
30289600
30289602
30289603
30289604
30289605
30289606
30289607
30289608
30289609
30289610
30289611
30289612
30289613
30289614
30289615
30289616
30289617
30289618
30289619
30289620
30289621
30289622
30289623
30289624
30289625
30289626
30289627
30289628
30289629
30289630
30289631
30289632
30289633
30289634
30289635
30289636
30289637
30289638
30289639
30289640
30289641
30289642
30289643
30289644
30289645
30289646
30289647
30289648
30289649
30289650
30289651
30289652
30289653
30289654
30289655
30289656
30289657
30289658
30289659
30289660
30289661
30289662
30289663
30289664
30289665
30289666
30289667
30289668
30289669
30289670
30289671
30289672
30289673
30289674
30289675
30289676
30289677
30289678
30289679
30289680
30289681
30289682
30289683
30289684
30289685
30289686
30289687
30289688
30289689
30289690
30289691
30289692
30289693
30289694
30289695